1768445068753 0.5654496550559998 0
1768445068872 0.5510586500167847 1
1768445068980 0.5391320586204529 2
1768445069077 0.528975784778595 3
1768445069176 0.5200430750846863 4
1768445069268 0.5120938420295715 5
1768445069368 0.5050133466720581 6
1768445069452 0.49868205189704895 7
1768445069538 0.4930475652217865 8
1768445069688 0.48785829544067383 9
1768445069823 0.48284220695495605 10
1768445069956 0.47795113921165466 11
1768445070134 0.47301235795021057 12
1768445070352 0.46779680252075195 13
1768445070470 0.4623176157474518 14
1768445070566 0.4563942849636078 15
1768445070661 0.45011743903160095 16
1768445070747 0.4435093104839325 17
1768445070928 0.4365239143371582 18
1768445071081 0.42919453978538513 19
1768445071196 0.42160460352897644 20
1768445071286 0.4137267768383026 21
1768445071383 0.4056013524532318 22
1768445071465 0.39722195267677307 23
1768445071552 0.38871750235557556 24
1768445071645 0.3801022469997406 25
1768445071727 0.3713569641113281 26
1768445071822 0.3624540865421295 27
1768445071919 0.35345029830932617 28
1768445072010 0.34441545605659485 29
1768445072097 0.33533236384391785 30
1768445072183 0.3262356221675873 31
1768445072276 0.31711891293525696 32
1768445072371 0.30802640318870544 33
1768445072542 0.2990076243877411 34
1768445072640 0.29012879729270935 35
1768445072733 0.2814449965953827 36
1768445072827 0.2729382812976837 37
1768445072924 0.26463624835014343 38
1768445073038 0.2565626800060272 39
1768445073144 0.24874503910541534 40
1768445073253 0.241197407245636 41
1768445073364 0.23393996059894562 42
1768445073485 0.22694449126720428 43
1768445073649 0.2202959507703781 44
1768445073747 0.21393664181232452 45
1768445073843 0.20787842571735382 46
1768445073978 0.20214946568012238 47
1768445074110 0.1967141032218933 48
1768445074212 0.1915264129638672 49
