1768445754488 0.5792567133903503 0
1768445754629 0.5603954195976257 1
1768445754763 0.5446637272834778 2
1768445754915 0.5309910178184509 3
1768445755027 0.5188707709312439 4
1768445755116 0.5082172751426697 5
1768445755257 0.4988093376159668 6
1768445755353 0.4903019964694977 7
1768445755506 0.48238494992256165 8
1768445755642 0.4747949540615082 9
1768445755738 0.4672413170337677 10
1768445755850 0.45977547764778137 11
1768445755960 0.4524032175540924 12
1768445756059 0.4450624883174896 13
1768445756214 0.43774476647377014 14
1768445756349 0.4303226172924042 15
1768445756460 0.42281678318977356 16
1768445756557 0.41520610451698303 17
1768445756646 0.40740689635276794 18
1768445756731 0.39950618147850037 19
1768445756829 0.3916104733943939 20
1768445756917 0.38387060165405273 21
1768445757011 0.3763580024242401 22
1768445757101 0.3691396713256836 23
1768445757186 0.36214616894721985 24
1768445757275 0.3553829491138458 25
1768445757364 0.34883108735084534 26
1768445757455 0.34243059158325195 27
1768445757562 0.3361327648162842 28
1768445757660 0.3299179971218109 29
1768445757782 0.3237592875957489 30
1768445757889 0.31762346625328064 31
1768445758003 0.31149160861968994 32
1768445758118 0.30538466572761536 33
1768445758276 0.2992922067642212 34
1768445759098 0.2931918799877167 35
1768445759267 0.2870905101299286 36
1768445759388 0.2810797393321991 37
1768445759508 0.2752085328102112 38
1768445759639 0.2693701684474945 39
1768445759786 0.26358988881111145 40
1768445759924 0.25785088539123535 41
1768445760204 0.2521810233592987 42
1768445760353 0.24660418927669525 43
1768445760467 0.24108658730983734 44
1768445760567 0.2356707602739334 45
1768445760650 0.23030804097652435 46
1768445760731 0.22500218451023102 47
1768445760840 0.21975179016590118 48
1768445760943 0.21455895900726318 49
