1768445522211 0.544668972492218 0
1768445522318 0.5369294285774231 1
1768445522426 0.5306910872459412 2
1768445522617 0.5254039764404297 3
1768445522776 0.5207603573799133 4
1768445522913 0.5166264176368713 5
1768445523047 0.5125999450683594 6
1768445523163 0.5085537433624268 7
1768445523282 0.504659116268158 8
1768445523384 0.5006986260414124 9
1768445523491 0.49656209349632263 10
1768445523597 0.49203118681907654 11
1768445523748 0.4871397912502289 12
1768445523856 0.4818336069583893 13
1768445523963 0.4760983884334564 14
1768445524073 0.469893217086792 15
1768445524188 0.4633728563785553 16
1768445524316 0.4565444886684418 17
1768445524443 0.44944944977760315 18
1768445524553 0.4420613944530487 19
1768445524659 0.43439844250679016 20
1768445524865 0.4264734089374542 21
1768445524971 0.41832461953163147 22
1768445525081 0.41000041365623474 23
1768445525192 0.4015066623687744 24
1768445525330 0.3929045498371124 25
1768445525440 0.38412830233573914 26
1768445525551 0.3752272427082062 27
1768445525658 0.366237074136734 28
1768445525769 0.35718604922294617 29
1768445525878 0.34806737303733826 30
1768445525989 0.33896851539611816 31
1768445526101 0.32992422580718994 32
1768445526217 0.32094496488571167 33
1768445526329 0.31207275390625 34
1768445526441 0.30332839488983154 35
1768445526560 0.2947383224964142 36
1768445526673 0.2863481044769287 37
1768445526782 0.27819231152534485 38
1768445526889 0.27025434374809265 39
1768445527028 0.2625114619731903 40
1768445527135 0.2549978494644165 41
1768445527245 0.2477225810289383 42
1768445527365 0.24066881835460663 43
1768445527476 0.23385582864284515 44
1768445527621 0.22730004787445068 45
1768445527728 0.22093820571899414 46
1768445527858 0.21482600271701813 47
1768445528047 0.20892922580242157 48
1768445528252 0.20319533348083496 49
