1768452169382 0.6043298840522766 0
1768452169559 0.5809754133224487 1
1768452169767 0.5614556074142456 2
1768452169914 0.5450310707092285 3
1768452170061 0.5311439633369446 4
1768452170231 0.5194394588470459 5
1768452170422 0.5093650817871094 6
1768452170618 0.5006393790245056 7
1768452170870 0.4930773973464966 8
1768452171128 0.4861699640750885 9
1768452171330 0.47968819737434387 10
1768452171487 0.4735565483570099 11
1768452171583 0.4675206243991852 12
1768452171691 0.46150335669517517 13
1768452171799 0.4553905427455902 14
1768452171927 0.44903016090393066 15
1768452172056 0.442486435174942 16
1768452172234 0.43569663166999817 17
1768452172404 0.42870113253593445 18
1768452172494 0.4215051233768463 19
1768452172591 0.4142073094844818 20
1768452172690 0.4068021774291992 21
1768452172784 0.39932361245155334 22
1768452172876 0.39186573028564453 23
1768452172976 0.38448747992515564 24
1768452173104 0.377279132604599 25
1768452173261 0.3702267110347748 26
1768452173371 0.3633178174495697 27
1768452173471 0.35665521025657654 28
1768452173648 0.35027050971984863 29
1768452173797 0.3441653251647949 30
1768452173907 0.33835673332214355 31
1768452173993 0.3328067362308502 32
1768452174152 0.32744526863098145 33
1768452174262 0.3222562372684479 34
1768452174345 0.31715843081474304 35
1768452174431 0.3121858537197113 36
1768452174522 0.30734577775001526 37
1768452174647 0.302518755197525 38
1768452174754 0.29778745770454407 39
1768452174850 0.29310187697410583 40
1768452174939 0.2884303629398346 41
1768452175052 0.2838094234466553 42
1768452175134 0.27923861145973206 43
1768452175222 0.2747039794921875 44
1768452175317 0.2702275216579437 45
1768452175422 0.26579082012176514 46
1768452175520 0.2613443434238434 47
1768452175625 0.2568800747394562 48
1768452175736 0.25238236784935 49
